9 1
10 1
13 3
14 1
15 1
16 4
17 6
18 19
19 24
20 37
21 66
22 108
23 133
24 257
25 423
26 544
27 847
28 1138
29 1604
30 2114
31 2910
32 4064
33 5235
34 6792
35 8438
36 10751
37 13178
38 16179
39 19410
40 23100
41 26588
42 30308
43 33943
44 37609
45 41342
46 43989
47 46056
48 48320
49 49675
50 49706
51 49821
52 48262
53 46692
54 43699
55 41227
56 37695
57 33477
58 30372
59 26329
60 22669
61 19386
62 16244
63 13488
64 10832
65 8492
66 6900
67 5197
68 4026
69 2961
70 2123
71 1576
72 1159
73 825
74 571
75 325
76 255
77 160
78 127
79 71
80 39
81 36
82 15
83 11
84 4
85 6
86 2
87 1
89 1
